

Metrics
R2: 0.3151397598707797
MSE: 9305.77878104923
MAE: 38.54646222875478

